56 | 57 | 58 | 59 | 60 | 61 | 62 | 63
--------------------------------------
48 | 49 | 50 | 51 | 52 | 53 | 54 | 55
--------------------------------------
40 | 41 | 42 | 43 | 44 | 45 | 46 | 47
--------------------------------------
32 | 33 | 34 | 35 | 36 | 37 | 38 | 39
--------------------------------------
24 | 25 | 26 | 27 | 28 | 29 | 30 | 31
--------------------------------------
16 | 17 | 18 | 19 | 20 | 21 | 22 | 23
--------------------------------------
08 | 09 | 10 | 11 | 12 | 13 | 14 | 15
--------------------------------------
00 | 01 | 02 | 03 | 04 | 05 | 06 | 07



Pawn
        0,   0,   0,   0,   0,   0,   0,   0,
        79,  83,  86,  71, 100,  83,  88,  88,
        5,  28,  21,  46,  40,  29,  42,   8,
        -19,  17,  -2,  14,  13,   0,  13, -12,
        -28,   3,  11,  10,   6,   1,   1, -23,
        -21,   8,   6, -12,  -9,  -1,   3, -21,
        -30,  9,  -6, -35, -36, -13,   4, -29,
        0,   0,   0,   0,   0,   0,   0,   0

Knight
        -67, -51, -73, -74, -12, -56, -58, -71,
            -3,  -7, 101, -35,   3,  61,  -6, -13,
             9,  65,   0,  76,  75,  28,  62,  -3,
            26,  25,  46,  38,  33,  39,  26,  16,
            -1,   4,  32,  19,  22,  35,   1,   0,
           -19,  11,  14,  22,  17,  15,  10, -15,
           -22, -17,   2,   0,   2,   0, -24, -19,
           -75, -22, -28, -24, -20, -35, -23, -68

Bishop
        -58, -77, -82, -75, -24,-106, -38, -50,
           -12,  19,  33, -41, -38,  30,   1, -23,
           -10,  40, -33,  42,  51, -11,  28, -15,
            24,  16,  21,  35,  27,  27,  14,   9,
            13,  10,  16,  22,  17,  16,   1,   8,
            15,  26,  23,  17,   7,  26,  20,  14,
            19,  21,  10,   6,   6,   6,  20,  17,
            -8,   3, -14, -13, -13, -16, -10, -10

Rook
        35,  30,  34,   4,  38,  32,  55,  49,
            54,  28,  56,  69,  54,  61,  33,  61,
            20,  34,  29,  33,  46,  28,  24,  17,
             0,   4,  16,  14,  19,  -5,  -8,  -7,
           -27, -34, -16, -22, -13, -28, -47, -29,
           -43, -29, -41, -26, -24, -35, -27, -45,
           -52, -39, -31, -27, -30, -44, -44, -53,
           -31, -25, -19,   6,  -3, -18, -31, -31

Queen
        6,   2,  -9,-103,  68,  25,  87,  28,
            15,  31,  62, -11,  19,  77,  57,  23,
            -2,  44,  33,  61,  73,  63,  43,   3,
             1, -15,  22,  16,  24,  19, -13,  -7,
           -15, -14,  -2,  -6,  -2, -11, -21, -20,
           -30,  -5, -14, -12, -17, -10, -15, -26,
           -35, -17,  -1, -19, -14, -16, -22, -37,
           -40, -29, -31, -20, -20, -35, -35, -43

King
         3,  53,  46, -100, -99,  60,  84, -63,
           -32,  11,  54,  57,  55,  55,  10,   4,
           -61,  13, -58,  43, -68,  27,  37, -30,
           -56,  49,  10,  -5, -20,  14,   1, -49,
           -55, -43, -53, -27, -52, -46,  -8, -51,
           -47, -42, -42, -80, -65, -33, -28, -31,
            -3,   3, -14, -49, -56, -18,  12,   4,
            16,  31,  -2, -15, -15, -16,  40,  19
